L	-0.1837	3.2204	1477010443300000	-0.0118	2.9997	-0.0785	0.9969
R	3.1013	1.5868	1.6465	1477010443700000	-0.0712	3.3950	-0.2028	0.9792
L	-0.1831	3.6416	1477010444100000	-0.1797	3.7797	-0.3239	0.9461
R	3.9682	1.5953	0.6461	1477010444500000	-0.3356	4.1478	-0.4399	0.8980
L	-0.4260	4.4824	1477010444900000	-0.5364	4.4935	-0.5490	0.8358
R	5.0717	1.7254	1.0898	1477010445300000	-0.7789	4.8112	-0.6494	0.7604
L	-0.9778	5.0529	1477010445700000	-1.0593	5.0961	-0.7396	0.6730
R	5.7128	1.8043	0.9596	1477010446100000	-1.3732	5.3436	-0.8181	0.5750
L	-1.8216	5.2324	1477010446500000	-1.7157	5.5498	-0.8838	0.4679
R	6.3136	1.9625	1.1203	1477010446900000	-2.0813	5.7114	-0.9354	0.3535
L	-2.4844	5.6929	1477010447300000	-2.4643	5.8259	-0.9724	0.2334
R	6.7634	2.0059	0.8600	1477010447700000	-2.8586	5.8916	-0.9940	0.1097
L	-3.2692	6.0047	1477010448100000	-3.2580	5.9073	-0.9999	-0.0157
R	6.8982	2.0914	0.4620	1477010448500000	-3.6563	5.8728	-0.9900	-0.1409
L	-3.8788	5.4317	1477010448900000	-4.0471	5.7886	-0.9646	-0.2639
R	6.8814	2.2600	0.2015	1477010449300000	-4.4242	5.6562	-0.9239	-0.3827
L	-4.7970	5.5777	1477010449700000	-4.7818	5.4775	-0.8686	-0.4955
R	8.0241	2.3422	0.6732	1477010450100000	-5.1142	5.2554	-0.7997	-0.6004
