R	3.0130	1.5805	1.4261	1477010443200000	-0.0047	2.8999	-0.0471	0.9989
L	-0.0745	3.1916	1477010443600000	-0.0517	3.2969	-0.1719	0.9851
R	3.2028	1.5885	0.9676	1477010444000000	-0.1481	3.6848	-0.2940	0.9558
L	-0.4516	4.1159	1477010444400000	-0.2923	4.0577	-0.4115	0.9114
R	3.8543	1.6383	1.3174	1477010444800000	-0.4821	4.4094	-0.5225	0.8526
L	-0.7352	4.8810	1477010445200000	-0.7145	4.7347	-0.6252	0.7804
R	4.8883	1.7773	0.6297	1477010445600000	-0.9859	5.0282	-0.7181	0.6959
L	-1.3692	5.4013	1477010446000000	-1.2919	5.2854	-0.7997	0.6004
R	5.9132	1.8351	0.4323	1477010446400000	-1.6277	5.5023	-0.8686	0.4955
L	-2.1657	5.7770	1477010446800000	-1.9880	5.6753	-0.9239	0.3827
R	5.9196	1.9644	1.2372	1477010447200000	-2.3672	5.8018	-0.9646	0.2639
L	-2.9184	5.8167	1477010447600000	-2.7593	5.8798	-0.9900	0.1409
R	6.4066	2.0724	0.3186	1477010448000000	-3.1580	5.9080	-0.9999	0.0157
L	-3.5148	5.9289	1477010448400000	-3.5572	5.8861	-0.9940	-0.1097
R	6.9311	2.1955	0.2844	1477010448800000	-3.9504	5.8143	-0.9724	-0.2334
L	-4.1679	5.7686	1477010449200000	-4.3315	5.6937	-0.9354	-0.3535
R	7.3561	2.2361	0.2174	1477010449600000	-4.6946	5.5264	-0.8838	-0.4679
L	-5.2699	5.4546	1477010450000000	-5.0337	5.3148	-0.8182	-0.5750
R	7.3249	2.3957	0.6473	1477010450400000	-5.3437	5.0625	-0.7396	-0.6730
L	-5.9605	4.9772	1477010450800000	-5.6197	4.7732	-0.6495	-0.7604
R	6.8912	2.4843	-0.3552	1477010451200000	-5.8572	4.4517	-0.5490	-0.8358
L	-5.9290	4.1498	1477010451600000	-6.0525	4.1029	-0.4400	-0.8980
R	6.7998	2.5993	-0.3728	1477010452000000	-6.2026	3.7324	-0.3239	-0.9461
L	-6.4964	3.2527	1477010452400000	-6.3050	3.3460	-0.2028	-0.9792
R	6.9331	2.7176	-0.5814	1477010452800000	-6.3582	2.9498	-0.0785	-0.9969
L	-6.4774	2.8946	1477010453200000	-6.3614	2.5501	0.0471	-0.9989
R	6.5183	2.8779	-0.3283	1477010453600000	-6.3144	2.1531	0.1719	-0.9851
L	-6.0839	1.6504	1477010454000000	-6.2180	1.7652	0.2940	-0.9558
R	6.6759	2.9755	-0.8792	1477010454400000	-6.0738	1.3924	0.4115	-0.9114
L	-5.8382	0.8776	1477010454800000	-5.8840	1.0406	0.5225	-0.8527
R	5.6776	3.0289	-0.9644	1477010455200000	-5.6515	0.7153	0.6252	-0.7804
L	-5.3985	0.2627	1477010455600000	-5.3802	0.4218	0.7181	-0.6959
R	5.4725	3.0830	-0.1475	1477010456000000	-5.0742	0.1646	0.7997	-0.6004
L	-4.5810	-0.0642	1477010456400000	-4.7384	-0.0523	0.8686	-0.4955
R	4.8346	-3.1105	-0.5499	1477010456800000	-4.3780	-0.2253	0.9239	-0.3827
L	-3.9796	-0.5896	1477010457200000	-3.9988	-0.3518	0.9646	-0.2639
R	3.8782	-3.0582	-0.7068	1477010457600000	-3.6068	-0.4298	0.9900	-0.1409
L	-3.2774	-0.6604	1477010458000000	-3.2080	-0.4580	0.9999	-0.0157
R	2.8064	-3.0284	-0.9862	1477010458400000	-2.8089	-0.4361	0.9940	0.1097
L	-2.1338	-0.3921	1477010458800000	-2.4157	-0.3642	0.9724	0.2334
R	1.9524	-3.0375	-1.4735	1477010459200000	-2.0345	-0.2437	0.9355	0.3534
L	-1.7842	-0.3448	1477010459600000	-1.6715	-0.0764	0.8838	0.4679
R	1.6333	3.0967	-0.2868	1477010460000000	-1.3323	0.1352	0.8182	0.5750
L	-1.1187	0.4525	1477010460400000	-1.0223	0.3876	0.7397	0.6730
R	1.3440	2.4173	-0.0647	1477010460800000	-0.7464	0.6768	0.6495	0.7604
L	-0.6356	1.1151	1477010461200000	-0.5089	0.9983	0.5491	0.8358
R	1.2066	1.8016	0.5542	1477010461600000	-0.3136	1.3471	0.4400	0.8980
L	-0.1452	1.4258	1477010462000000	-0.1635	1.7176	0.3240	0.9461
R	2.1142	1.5711	1.0664	1477010462400000	-0.0611	2.1040	0.2028	0.9792
L	-0.0736	2.2619	1477010462800000	-0.0079	2.5002	0.0785	0.9969
R	2.7197	1.5717	1.1819	1477010463200000	0.0000	2.9000	0.0157	0.9999
L	-0.1584	3.0452	1477010463600000	0.0345	3.2982	0.1409	0.9900
R	3.2197	1.5216	1.9176	1477010464000000	0.1186	3.6890	0.2639	0.9645
L	0.1207	3.9350	1477010464400000	0.2511	4.0662	0.3827	0.9239
R	4.2686	1.4940	0.8652	1477010464800000	0.4297	4.4238	0.4955	0.8686
L	0.7838	4.7412	1477010465200000	0.6518	4.7561	0.6004	0.7997
R	4.9571	1.3516	0.7937	1477010465600000	0.9138	5.0581	0.6959	0.7181
L	1.1878	4.9359	1477010466000000	1.2116	5.3248	0.7804	0.6252
R	6.2099	1.2788	0.7623	1477010466400000	1.5404	5.5520	0.8527	0.5225
L	1.7435	5.7478	1477010466800000	1.8952	5.7363	0.9114	0.4115
R	6.3879	1.2544	0.9988	1477010467200000	2.2702	5.8747	0.9558	0.2940
L	2.4424	6.1453	1477010467600000	2.6596	5.9649	0.9851	0.1719
R	7.3442	1.1101	0.2897	1477010468000000	3.0573	6.0057	0.9989	0.0471
L	3.3291	6.1552	1477010468400000	3.4569	5.9962	0.9969	-0.0785
R	6.9287	1.0593	0.3366	1477010468800000	3.8522	5.9368	0.9792	-0.2028
L	4.3309	5.7913	1477010469200000	4.2369	5.8283	0.9461	-0.3239
R	8.0909	0.8958	0.5344	1477010469600000	4.6050	5.6724	0.8980	-0.4400
L	4.9813	5.2600	1477010470000000	4.9507	5.4717	0.8358	-0.5490
R	7.2388	0.8114	0.2347	1477010470400000	5.2685	5.2291	0.7604	-0.6495
L	5.4715	5.0933	1477010470800000	5.5533	4.9487	0.6730	-0.7396
R	7.9205	0.6517	-0.7806	1477010471200000	5.8008	4.6348	0.5750	-0.8182
L	6.1386	4.2241	1477010471600000	6.0070	4.2923	0.4679	-0.8838
R	7.4003	0.5850	-0.0696	1477010472000000	6.1686	3.9267	0.3535	-0.9355
L	6.4424	3.5088	1477010472400000	6.2832	3.5437	0.2334	-0.9724
R	7.2082	0.5027	-0.2264	1477010472800000	6.3488	3.1494	0.1097	-0.9940
L	6.2993	2.6594	1477010473200000	6.3645	2.7500	-0.0157	-0.9999
R	6.8980	0.3227	-0.2950	1477010473600000	6.3300	2.3517	-0.1409	-0.9900
L	6.1662	1.7820	1477010474000000	6.2459	1.9610	-0.2639	-0.9646
R	6.3896	0.2948	-0.5691	1477010474400000	6.1134	1.5838	-0.3827	-0.9239
L	5.9725	1.1757	1477010474800000	5.9347	1.2262	-0.4955	-0.8686
R	5.6273	0.1573	-0.8980	1477010475200000	5.7127	0.8938	-0.6004	-0.7997
L	5.2419	0.5885	1477010475600000	5.4507	0.5919	-0.6959	-0.7181
R	5.2260	0.0859	-0.7853	1477010476000000	5.1529	0.3252	-0.7804	-0.6252
L	4.8579	0.1276	1477010476400000	4.8241	0.0979	-0.8526	-0.5225
R	4.4555	-0.0235	-0.3734	1477010476800000	4.4693	-0.0863	-0.9114	-0.4115
L	4.2236	-0.2355	1477010477200000	4.0943	-0.2247	-0.9558	-0.2940
R	4.5078	-0.0827	-0.8778	1477010477600000	3.7049	-0.3149	-0.9851	-0.1719
L	3.2869	-0.6282	1477010478000000	3.3072	-0.3557	-0.9989	-0.0471
R	2.6820	-0.1257	-0.6843	1477010478400000	2.9076	-0.3463	-0.9969	0.0785
L	2.4320	-0.1059	1477010478800000	2.5123	-0.2868	-0.9792	0.2028
R	2.3315	-0.1030	-1.3039	1477010479200000	2.1275	-0.1783	-0.9461	0.3239
L	1.7236	-0.0521	1477010479600000	1.7594	-0.0225	-0.8980	0.4399
R	1.8188	0.1271	-0.8136	1477010480000000	1.4138	0.1783	-0.8358	0.5490
L	1.0778	0.6118	1477010480400000	1.0960	0.4208	-0.7604	0.6494
R	0.8451	0.7322	-0.2940	1477010480800000	0.8111	0.7013	-0.6730	0.7396
L	0.5529	0.7956	1477010481200000	0.5637	1.0152	-0.5750	0.8181
R	0.8729	1.3374	0.8933	1477010481600000	0.3575	1.3576	-0.4679	0.8838
L	0.2439	1.8126	1477010482000000	0.1959	1.7233	-0.3535	0.9354
R	1.9941	1.5318	0.5537	1477010482400000	0.0813	2.1062	-0.2334	0.9724
L	0.2175	2.4214	1477010482800000	0.0157	2.5006	-0.1097	0.9940
R	3.1773	1.5696	0.8103	1477010483200000	0.0000	2.9000	0.0157	0.9999
